GenomeIDs
1262848.72
2086583.148
1872444.1203
821.4305
1946278.218
1262684.320
656411.32
159272.1041
820.5414
1263080.333
239935.2440
1262933.52
218538.1140
40518.2811
1262690.25
1262761.306
1263079.1100
512298.38
162156.402
28116.1600
1262810.34
239935.2434
357276.1218
2053618.174
1896967.76
2161821.166
820.5426
1896967.75
2053618.161
259315.239
512298.37
1262914.856
28117.3446
1929996.64
41978.1042
1262793.545
2086273.73
259315.231
239935.2429
28117.3436
1262924.341
1262810.32
1946244.157
1263080.331
2086583.149
1262924.343
1896967.78
1313.35737
1262952.622
1262761.310
59620.2630
821.4303
59620.2610
911117.67
1897003.1352
371601.812
1262914.852
28116.1601
1263080.339
46503.2254
239935.2431
1262810.31
1262952.617
1268240.128
239935.2439
142586.2085
1896967.73
820.5387
239935.2430
674529.261
40518.2821
820.5422
142586.2081
1262882.618
2173.824
908612.142
40518.2810
40518.2823
41200.134
28116.1603
142586.2086
239935.2432
41978.1045
28117.3417
820.5425
28117.3445
1262804.264
239935.2442
1872444.1202
41200.137
166486.973
371601.809
1262969.155
1262684.318
166486.974
2507160.4
1263043.65
46506.1989
1262884.737
310297.1049
159272.1046
165179.2679
1262775.813
1897004.310
1262821.37
656411.33
1262821.44
41978.1043
1897003.1351
2293063.17
165179.2680
1929996.67
2293063.16
239935.2433
1946278.205
1680.2072
59620.2612
1929996.66
1263080.337
218538.1139
1262708.40
218538.1141
512298.40
1268240.127
218538.1142
592028.575
239935.2448
2161821.164
1268240.123
592028.574
1262761.307
40518.2822
1929996.71
1262804.261
40518.2826
1680.2079
1897004.306
1262952.616
820.5412
286133.208
1262969.141
820.5424
1262884.733
41200.144
1262969.151
2161821.165
1262848.75
1946270.63
2053618.173
1946270.66
512298.42
1262797.258
1929996.65
1945593.1763
371601.806
40518.2806
901.359
59620.2620
357276.1231
1262969.148
239935.2449
1262761.308
1262914.855
371601.811
1262779.475
33038.837
2302962.51
286133.211
1262884.734
592028.573
1896967.74
820.5423
649756.2641
28117.3420
357276.1213
46506.1991
1262952.618
1896967.69
656411.36
1262933.53
1897017.249
357276.1233
1262976.205
46503.2256
1929996.68
1946270.65
1262797.260
1637511.687
1262848.73
592028.576
1896972.59
823.3646
1896967.71
1969565.61
1637511.685
1262969.152
2518605.21
165186.2303
59620.2606
1262821.36
2161821.167
1262821.38
28117.3437
1262821.43
592028.572
821.4302
1896967.68
1262761.311
59620.2631
1897004.304
357276.1232
1897004.299
165190.1149
1262690.27
2293049.76
626939.57
1680.2078
1262914.858
1969565.54
59620.2614
1680.2080
1929996.70
159272.1044
159272.1029
2053618.162
1262821.42
28117.3439
562.75524
59620.2648
1896967.77
1262882.615
1262804.266
1262969.145
1946508.2492
1929996.69
1262804.262
1946508.2502
59620.2622
1262914.853
41200.136
1262882.608
2053618.166
59620.2650
165179.2681
165179.2678
59620.2619
1262708.41
239935.2427
1203611.47
2293243.93
41978.1044
142586.2078
1946278.216
905011.47
1262969.142
2086583.150
1123282.19
29523.196
41200.142
2173.825
278064.121
40518.2819
1262821.45
159272.1036
1897004.307
59620.2615
1263080.335
1123282.17
40518.2808
357276.1228
1637511.686
1262969.143
159272.1040
1262952.615
821.4301
1262969.144
820.5413
59620.2651
41200.145
159272.1038
286133.213
823.3645
1262761.309
384639.30
259315.230
2173.822
1262754.65
1897003.1350
512298.36
1969562.10
821.4290
1262969.146
674529.263
159272.1037
821.4291
1262690.26
512298.39
1262690.28
310297.1048
1262821.35
2293049.75
853.7945
1946250.47
1263080.329
329854.459
2293049.77
626939.54
821.4278
1946278.207
28117.3442
656411.34
28117.3447
159272.1028
1262775.809
1946278.208
59620.2607
1946278.213
1203611.48
1262708.42
165186.2304
820.5427
40518.2820
1262914.857
46506.1990
165186.2302
820.5421
2173.823
1262775.811
59620.2611
239935.2447
512298.35
1946278.209
483214.25
1262684.319
165179.2683
483214.26
1262882.617
371601.807
1262754.66
1262969.156
1262884.738
286142.26
165179.2685
1262775.812
821.4276
162156.401
1946250.46
1263080.330
821.4279
820.5399
40518.2809
1262914.851
1896967.70
28117.3444
28116.1602
218538.1138
626939.55
1946270.64
656411.35
1262821.41
820.5400
592028.570
28117.3441
28117.3440
1262933.54
1262969.157
1896967.72
649756.2642
487174.281
1929996.62
1262754.68
40518.2812
28117.3443
1263080.338
28117.3421
159272.1039
626939.56
2293063.18
1946278.219
1263080.340
1263043.67
592028.571
1637511.683
2518605.20
820.5415
1262969.149
1262848.74
1262775.808
310298.434
2518605.19
1946250.48
1945593.1764
2086583.151
239935.2428
41200.135
1262891.91
1262914.854
1313.35738
384639.31
1896972.62
59620.2629
1929996.74
159272.1045
159272.1048
1929996.63
1262897.609
33043.1636
820.5404
1262754.67
1637511.684
1313.35736
286142.25
1896972.71
1262969.153
1262924.342
1897004.305
2293135.26
2518605.22
1262807.150
310298.435
159272.1047
1897012.971
1969565.62
59620.2613
286133.209
33043.1639
821.4292
239935.2441
329854.460
1896972.58
1262933.55
483214.24
1263043.66
1946295.78
