GenomeIDs
2518605.16
1637509.84
46506.1965
1637511.667
454154.726
1872444.1150
28117.3326
47678.1066
165179.2673
1262738.336
818.1538
310297.1045
823.3548
46506.1921
717959.397
817.1777
46506.1952
239935.2389
162156.352
46503.2177
1262889.718
165179.2652
291644.183
1263043.55
469585.29
1263053.173
1268240.96
1262907.283
674529.251
2033407.284
46506.1974
46503.2225
28118.1843
2033407.288
218538.1108
357276.1165
1262969.123
159272.1014
1262904.281
817.1781
41978.1005
818.1546
1262738.330
2173.821
162156.378
28117.3382
165179.2650
59823.1248
46506.1966
817.1779
1339287.17
823.3581
357276.1168
2585118.40
1637505.83
762982.93
820.5237
29523.191
823.3558
592028.554
1268240.117
821.4237
46503.2149
28116.1536
762982.88
823.3547
592028.552
1262738.341
818.1520
2033407.289
46506.1927
371601.749
1896972.42
2584626.6
820.5218
338188.249
656399.18
823.3592
1262924.317
1262806.138
1969738.97
823.3545
28118.1823
1896972.43
821.4235
1262697.342
1263095.67
821.4131
165179.2660
286133.200
821.4134
1896968.62
28117.3309
114712.68
1262697.307
172901.112
1263052.62
1203608.35
1262684.312
28118.1829
1263103.66
1896971.21
820.5199
820.5267
2292941.92
491921.39
47678.1063
2584617.6
1262697.311
2293113.31
357276.1155
821.4203
1262904.273
1896968.60
1946296.227
1637511.679
162156.344
1981025.52
239935.2400
1262834.35
820.5332
1262791.92
821.4210
28118.1872
371601.715
28117.3388
1262804.251
821.4126
821.4183
820.5239
1262738.343
1262826.108
454154.725
162156.376
165179.2653
820.5195
28118.1876
46506.1980
1268240.111
214856.2235
2292941.87
1637511.670
1929996.40
328814.1000
471870.113
820.5324
2293248.21
470145.65
821.4206
46506.1914
159272.1008
28118.1826
28117.3338
817.1771
1262809.206
2585756.63
46503.2132
820.5284
2293117.62
820.5317
59823.1254
1637505.74
1263103.67
1262738.339
742823.213
820.5331
823.3572
820.5290
1637505.82
821.4192
162156.351
28117.3330
1929996.36
28118.1845
357276.1151
310297.1044
46503.2206
1897017.225
46506.1925
28118.1865
820.5303
1339275.18
487175.102
821.4195
821.4229
823.3608
46503.2239
46506.1916
46503.2166
487175.116
46506.1920
329854.441
162156.348
1896967.54
1262978.50
1262748.142
1262970.199
2292365.200
59620.2460
239935.2392
33025.500
1872444.1142
823.3549
823.3607
820.5336
46506.1943
239935.2394
357276.1153
820.5258
821.4244
28117.3325
820.5257
165179.2659
487175.112
821.4193
162156.361
338188.255
1872444.1120
46506.1913
1637509.94
820.5223
1099853.169
1262738.324
46506.1939
46503.2184
2293194.182
162156.370
1262738.354
1339298.17
46506.1950
820.5210
1262708.32
626932.196
1872444.1092
1268240.93
818.1495
1637511.674
818.1536
1816677.26
165190.1120
28118.1820
28118.1871
1203608.33
487174.273
821.4161
1262697.303
47678.1065
46506.1979
1262914.827
46503.2231
28117.3387
1262912.26
1262969.121
820.5338
818.1515
469590.104
1872444.1110
387661.144
1268240.114
1262697.304
821.4236
46503.2222
820.5188
46506.1917
823.3606
1924106.59
1872444.1080
291644.188
1262924.312
165179.2646
821.4169
1896966.28
821.4238
823.3589
1262738.338
626940.1086
821.4129
823.3599
821.4224
1262793.538
2293119.18
471870.119
820.5220
28118.1803
487174.269
329854.438
1262924.314
1896967.58
1339314.35
47678.1061
40545.1283
674529.241
46503.2140
114712.71
239935.2396
999418.27
159272.1009
820.5335
820.5204
820.5213
28118.1824
818.1527
28117.3360
46506.1919
1262815.186
46503.2153
59823.1251
329854.454
821.4248
823.3597
159272.1016
338188.253
28118.1822
2584626.7
1897011.946
1637509.97
823.3595
2033407.291
1897017.236
1263037.136
1981025.51
823.3544
328814.991
820.5311
818.1491
46503.2226
46503.2147
823.3580
1637511.673
28118.1877
1637505.71
1262736.172
1262697.332
821.4145
1263037.140
1872444.1107
387661.139
592028.561
1897051.159
1339271.12
1263095.69
823.3560
821.4167
28117.3345
329854.452
59823.1255
47678.1046
1211813.108
592028.563
674529.236
544645.209
1268240.94
820.5224
433323.6
908612.127
218538.1107
28118.1840
1339314.33
1897010.72
592028.550
2585756.71
821.4132
2293117.60
2292365.203
1969608.5
357276.1166
1946508.2437
1637503.88
357276.1162
28117.3374
592028.546
818.1525
159272.1017
28117.3344
1339287.20
821.4201
218538.1112
2042309.56
165179.2666
1262738.352
329854.440
329854.436
1262809.205
2585118.39
357276.1138
1638786.240
823.3575
165179.2670
821.4220
291644.186
1268240.100
1550024.456
162156.364
1263043.59
1872444.1140
1262738.356
818.1493
46506.1904
1896971.22
239935.2388
371601.770
239935.2399
28118.1815
371601.779
1262969.115
2033407.286
1929996.42
46503.2207
1263095.68
1947049.26
762982.86
1262738.325
821.4147
823.3559
46503.2202
1268240.110
820.5243
1637500.61
2292941.91
454154.732
817.1775
487175.114
1637503.91
1339287.23
1637509.85
1262794.53
357276.1137
1872444.1118
1263037.131
818.1545
821.4171
820.5319
338188.243
214856.2240
328812.148
821.4139
28117.3379
114712.62
1263037.147
821.4209
817.1784
1121098.196
592028.549
1946508.2426
1472416.84
1203608.38
823.3613
1262841.222
46503.2180
46506.1935
2585118.34
1262827.57
821.4226
46503.2168
28118.1809
821.4164
818.1507
1268240.109
46503.2210
471870.112
46506.1922
214856.2238
491921.40
1263111.174
28118.1808
1262813.131
817.1774
1637500.63
626940.1085
1946508.2435
1896969.126
1262690.22
823.3570
487174.274
46503.2183
742823.215
1262690.21
357276.1173
1262836.240
162156.381
1262969.105
820.5330
717959.388
820.5200
28118.1861
592028.551
46503.2175
1262793.535
487174.271
1872444.1135
908612.134
1946508.2466
28118.1878
1872444.1162
1099853.168
1872444.1062
1203554.127
239935.2395
1262924.316
821.4182
1472416.82
1637509.93
162156.372
2585756.70
487175.115
1897010.69
821.4216
823.3543
1262697.340
1872444.1152
162156.382
1203554.128
218538.1117
28117.3332
817.1787
286133.201
820.5190
1268240.91
821.4144
1638782.47
387661.145
742823.211
1262969.117
823.3602
821.4191
363265.335
2650157.7
762982.91
818.1488
821.4178
820.5294
46503.2161
28118.1836
656399.17
821.4166
357276.1172
1637509.86
1263037.144
28118.1860
46506.1982
162156.380
823.3537
28118.1830
46506.1970
512294.34
1263053.175
454154.734
1262785.109
487175.107
1262884.717
820.5262
28118.1862
1268240.113
2292941.97
29523.194
997873.75
2293117.58
1941478.56
28117.3333
28117.3313
1929996.38
1897051.162
114712.76
821.4217
162156.340
1339291.10
28118.1818
28118.1831
1262697.336
1637511.668
817.1778
823.3601
1637500.67
1262970.198
817.1780
1637509.95
2518605.18
28117.3368
46503.2137
1262697.328
46503.2174
28116.1517
1073388.40
2585756.59
28117.3356
592028.547
1034346.38
1262969.107
1262697.314
46503.2143
2293117.63
2292365.204
1896967.57
162156.343
357276.1163
821.4119
1262759.10
823.3614
818.1550
1637511.678
823.3587
239935.2401
1262924.319
310297.1039
1638782.45
28118.1880
2292941.96
2292242.17
1872444.1111
1262788.367
1897051.157
1637500.68
2293119.20
2292941.93
471870.121
1262738.340
821.4185
487175.109
239935.2398
820.5198
1622071.24
908612.133
162156.333
818.1496
1263111.171
2292949.16
908612.132
820.5315
742823.219
820.5309
1637509.91
47678.1044
357276.1178
162156.349
1946508.2465
28118.1816
469585.30
2292941.89
2292941.95
820.5251
2518605.15
821.4242
1262751.180
1121098.197
2033407.285
41200.119
28117.3364
1946247.217
821.4247
454154.729
821.4127
1872444.1130
1268240.106
1896972.38
46503.2182
1406512.21
2585118.35
823.3598
1872444.1090
1262738.348
114712.74
1262914.840
821.4233
454154.735
1897010.71
821.4133
674529.249
823.3555
820.5334
1896967.53
1262914.834
46503.2199
1263037.158
1896967.56
1897051.156
357276.1174
1262930.163
1263111.170
40518.2738
46506.1945
820.5254
46506.1947
357276.1180
1872444.1138
821.4142
1262865.32
1122957.158
28117.3389
1262738.357
1872444.1145
1637503.90
46506.1908
820.5302
357276.1161
820.5300
40545.1287
1872444.1161
1268240.105
59620.2488
821.4159
46503.2150
820.5305
1262793.528
28111.460
46503.2179
1099853.166
1268240.118
820.5337
1263037.154
820.5326
1262833.114
46506.1931
2292192.28
820.5321
259315.196
1339287.22
165185.474
159272.1012
46506.1912
1262736.171
162156.368
821.4241
820.5244
1263043.54
818.1541
1929996.41
2293111.63
487175.103
1263037.142
46503.2234
1262708.34
487175.104
820.5327
28116.1569
821.4143
821.4153
1896986.105
821.4150
823.3579
1262969.104
821.4121
46503.2163
162156.357
1121098.195
165179.2672
46503.2191
34012.13
162156.341
1872444.1091
46503.2223
820.5268
46503.2173
1941478.55
40518.2733
162156.334
357276.1149
1946508.2449
1339314.32
823.3594
818.1544
46503.2155
46506.1915
46506.1940
46506.1944
823.3612
821.4141
46506.1961
2518605.17
1268240.112
162156.371
823.3615
165186.2228
821.4174
818.1522
28111.461
820.5246
28117.3357
357276.1144
487174.272
1339346.50
1969738.99
329854.448
1637500.62
2033407.290
218538.1109
823.3542
823.3573
1872444.1158
742823.212
59823.1256
823.3551
165185.479
1339279.12
674529.234
821.4239
1262697.343
820.5277
1941478.53
214856.2244
1262969.103
1897051.161
820.5275
2585756.49
329854.439
218538.1113
823.3576
1262969.108
1235788.13
46506.1971
28118.1844
1262784.180
357276.1152
1262807.148
28117.3328
762984.42
28116.1575
46506.1959
28117.3372
820.5272
818.1553
239935.2387
1500547.60
28118.1806
278064.101
46506.1942
1262829.114
46503.2148
454154.724
1946270.61
820.5215
46506.1903
357276.1181
1622071.26
2585756.68
40518.2736
41200.116
821.4234
1263037.138
2292365.201
742817.152
821.4205
46503.2233
28117.3321
1263054.16
46503.2190
1263037.155
1262738.335
820.5191
46503.2187
162156.359
46503.2172
820.5209
28118.1825
41200.118
357276.1176
46503.2157
656400.11
592028.565
46503.2237
46503.2200
2585756.55
823.3552
471870.120
172901.111
28117.3367
2291998.18
46506.1969
1472416.88
46506.1911
310297.1038
1872444.1058
46506.1934
1118061.534
1263043.53
821.4231
1262691.63
1262738.355
823.3593
1946007.62
820.5212
512312.77
820.5269
46503.2205
328814.1007
28116.1508
1262684.309
1872444.1067
487175.106
165186.2231
29523.190
278064.100
512294.32
28118.1858
114712.73
817.1785
820.5310
1121101.64
817.1772
817.1788
762982.87
328814.983
46503.2195
28118.1854
470145.66
823.3591
1262970.192
46503.2178
1262839.83
221953.16
820.5187
162156.373
1262804.256
28118.1881
817.1789
1339287.18
114712.72
820.5314
46506.1962
820.5242
823.3583
1262897.597
1872444.1128
310297.1047
1122957.149
2585118.38
28117.3378
28117.3359
1947049.28
46503.2203
1262768.85
360807.1189
2585756.65
821.4128
329854.453
1262969.122
821.4227
1262797.242
162156.354
1262697.324
338188.250
1211813.109
214856.2246
286133.198
218538.1121
46506.1975
592028.539
1262807.147
1262738.350
329854.433
2293117.61
1262835.24
1263095.64
46503.2217
2585756.62
817.1782
908612.129
1946007.61
821.4222
41978.1006
28118.1868
46503.2176
823.3582
46506.1953
1262738.329
387661.143
821.4179
823.3603
338188.256
1099853.164
1262914.837
821.4189
46506.1929
40518.2729
1262914.835
218538.1116
823.3586
28111.466
1339275.19
1339314.34
28118.1811
1262973.36
820.5306
1073387.38
2585756.50
1262791.93
1941478.52
218538.1110
29523.195
46503.2229
159272.1002
59823.1249
820.5271
821.4240
1872444.1073
820.5285
46503.2186
1897051.164
328814.993
1268240.108
46503.2220
821.4211
214856.2256
823.3562
46503.2159
821.4140
818.1528
820.5217
291644.189
40545.1280
114712.75
154288.100
46503.2215
1268240.92
1622071.25
1262914.830
46503.2139
28118.1817
46506.1981
821.4135
259315.191
1263054.13
1262748.141
28118.1838
1262906.50
162156.367
33025.503
1897051.163
1263095.65
821.4165
162156.336
1268240.101
1262793.529
820.5291
1268240.115
218538.1111
823.3610
46503.2145
742817.148
329854.446
162156.365
592028.564
162156.362
40545.1284
821.4243
820.5299
1263043.52
1262795.286
46503.2158
592028.559
239935.2390
40545.1286
28116.1525
1872444.1151
46503.2197
2585756.69
512294.31
1262969.114
1896967.55
46506.1978
46503.2156
338188.237
2293119.19
820.5325
556259.26
162156.347
823.3577
592028.541
28111.463
2530392.15
1262794.51
487174.270
162156.379
1262738.345
114712.65
2292941.88
357276.1175
28118.1839
821.4173
46503.2238
1896972.41
