sample	good	bad	good_ids
ERR1912949	2	11	1929996.62, 1262969.141
ERR1912950	4	11	1929996.63, 1262969.142, 357276.1213, 820.5387
ERR1912951	3	8	1262969.144, 1929996.65, 1969565.54
ERR1912952	2	8	1929996.64, 1262969.143
ERR1912953	6	7	1262797.258, 239935.2427, 28116.1600, 1262884.733, 46503.2254, 59620.2607
ERR1912954	4	8	239935.2428, 28116.1601, 1896972.58, 59620.2606
ERR1912955	6	8	239935.2429, 1262797.260, 28116.1602, 278064.121, 46503.2256, 1262884.734
ERR1912956	3	8	239935.2430, 1896972.59, 28116.1603
ERR1912958	4	18	40518.2806, 33043.1636, 649756.2641, 59620.2610
ERR1912960	6	19	41200.135, 2507160.4, 1262779.475, 853.7945, 649756.2642, 59620.2611
ERR1912964	4	19	1929996.66, 1262821.35, 41200.134, 159272.1028
ERR1912965	5	24	1929996.67, 41200.136, 1262761.306, 159272.1029, 1262821.36
ERR1912966	4	21	1262821.37, 1929996.68, 41200.137, 1262761.307
ERR1912967	11	12	239935.2431, 2173.822, 1262775.809, 2161821.164, 512298.36, 1123282.17, 59620.2612, 1262810.32, 286133.208, 1262952.615, 2293063.16
ERR1912968	12	8	1262882.608, 2173.823, 239935.2432, 2161821.165, 1262775.808, 512298.35, 1946278.205, 1123282.19, 286133.209, 59620.2613, 1262952.616, 1262810.31
ERR1912969	9	14	2173.824, 239935.2433, 1946278.207, 2161821.166, 512298.37, 59620.2614, 1262952.617, 1946244.157, 2293063.17
ERR1912970	12	10	2173.825, 239935.2434, 2161821.167, 1262775.811, 1262793.545, 512298.38, 1946278.208, 59620.2615, 286133.211, 1262810.34, 2293063.18, 1262952.618
ERR1912972	2	16	2053618.161, 1262754.65
ERR1912973	2	13	1262754.67, 821.4276
ERR1912974	2	12	2053618.162, 1262754.66
ERR1912975	3	14	1262754.68, 821.4278, 59620.2620
ERR1912976	3	11	59620.2619, 2293049.75, 33038.837
ERR1912977	3	14	562.75524, 1262884.737, 2293049.77
ERR1912978	6	13	1262884.738, 821.4279, 2293049.76, 2293243.93, 59620.2622, 259315.230
ERR1912983	7	9	310297.1048, 46506.1989, 820.5399, 329854.459, 259315.231, 1946278.209, 28117.3417
ERR1912985	5	10	310297.1049, 46506.1990, 820.5400, 329854.460, 357276.1218
ERR1912986	3	15	165179.2678, 1929996.69, 626939.54
ERR1912987	5	24	1929996.70, 165179.2680, 28117.3420, 626939.55, 656411.32
ERR1912988	4	19	1929996.71, 165179.2679, 626939.56, 28117.3421
ERR1912994	1	14	1262821.38
ERR1912995	0	20	
ERR1912996	0	18	
ERR1912997	12	37	1262969.145, 1263043.65, 1262807.150, 40518.2808, 46506.1991, 820.5404, 1896972.62, 142586.2078, 1946508.2492, 626939.57, 1897004.299, 2053618.166
ERR1912998	5	16	1262914.851, 512298.39, 1262969.146, 165179.2681, 1946278.213
ERR1912999	3	19	1262914.852, 59620.2629, 512298.40
ERR1913000	6	16	1946278.216, 1262914.854, 512298.42, 1262969.149, 165179.2683, 59620.2631
ERR1913001	4	16	1262914.853, 1262969.148, 1969562.10, 59620.2630
ERR1913010	2	15	1637511.683, 239935.2439
ERR1913011	2	15	1637511.685, 239935.2441
ERR1913012	3	13	1637511.684, 239935.2440, 1897012.971
ERR1913013	2	15	239935.2442, 1637511.686
ERR1913017	8	15	656411.33, 1262804.261, 592028.571, 1896967.68, 159272.1037, 2086273.73, 2086583.148, 1268240.123
ERR1913018	8	15	656411.34, 592028.570, 1262804.262, 1262969.151, 159272.1036, 1896967.69, 2086583.149, 29523.196
ERR1913019	9	14	656411.35, 1969565.61, 592028.572, 1262969.152, 1262804.264, 1263080.330, 2086583.150, 1896967.70, 159272.1038
ERR1913020	8	14	656411.36, 1969565.62, 1262969.153, 592028.573, 2086583.151, 1262804.266, 1896967.71, 159272.1041
ERR1913021	5	14	1946270.63, 159272.1039, 1263080.329, 2293135.26, 1262690.25
ERR1913022	4	14	1263080.331, 1946270.64, 1262690.26, 159272.1040
ERR1913023	3	10	1946270.65, 1263080.333, 1262690.27
ERR1913024	2	10	1946270.66, 1262690.28
ERR1913032	5	13	218538.1138, 1262761.308, 2518605.20, 820.5412, 821.4290
ERR1913033	6	11	218538.1140, 2518605.21, 820.5414, 821.4291, 1262761.311, 1262969.155
ERR1913034	6	10	820.5413, 2518605.19, 1262761.309, 218538.1139, 142586.2081, 1262891.91
ERR1913035	5	8	2518605.22, 820.5415, 218538.1141, 1262761.310, 821.4292
ERR1913037	3	17	1262775.812, 1896967.72, 1946250.46
ERR1913038	4	25	1896967.73, 1262775.813, 1946250.47, 1680.2072
ERR1913039	2	22	1896967.74, 1946250.48
ERR1913047	0	12	
ERR1913048	2	17	901.359, 28117.3436
ERR1913049	0	16	
ERR1913050	6	12	1262882.617, 41978.1045, 40518.2812, 165186.2304, 1897004.307, 59620.2651
ERR1913051	9	13	1262882.618, 41978.1044, 40518.2811, 1946508.2502, 1897004.306, 59620.2650, 487174.281, 1262952.622, 165186.2303
ERR1913052	6	14	40518.2810, 41978.1043, 1897004.305, 59620.2648, 1262969.157, 165186.2302
ERR1913053	5	13	1262882.615, 40518.2809, 41978.1042, 1897004.304, 1262969.156
ERR1913057	2	13	239935.2447, 28117.3437
ERR1913058	4	22	239935.2449, 1946278.219, 28117.3439, 2302962.51
ERR1913059	2	22	239935.2448, 1946278.218
ERR1913064	5	18	1896967.75, 41200.142, 483214.24, 1262848.72, 1262821.41
ERR1913065	5	18	1896967.76, 41200.144, 483214.25, 1262848.73, 1262821.42
ERR1913067	5	17	1896967.78, 911117.67, 1262848.75, 1262821.43, 1262897.609
ERR1913068	7	16	41200.145, 1896967.77, 483214.26, 1262821.44, 1262848.74, 1263080.335, 165190.1149
ERR1913069	5	14	159272.1045, 1262708.41, 28117.3441, 1262933.53, 821.4301
ERR1913070	7	13	1262708.40, 28117.3440, 1262933.52, 159272.1044, 821.4302, 1263079.1100, 142586.2085
ERR1913071	6	14	1262933.54, 28117.3442, 1262708.42, 159272.1046, 821.4303, 142586.2086
ERR1913072	6	14	159272.1047, 908612.142, 28117.3444, 1262933.55, 821.4305, 1946295.78
ERR1913073	5	7	1313.35736, 28117.3443, 592028.574, 310298.434, 1203611.47
ERR1913074	5	13	592028.576, 28117.3446, 1313.35738, 40518.2822, 259315.239
ERR1913075	6	9	1313.35737, 28117.3445, 592028.575, 310298.435, 1203611.48, 40518.2819
ERR1913080	6	12	1680.2080, 1262684.320, 40518.2823, 1945593.1764, 371601.807, 1262924.342
ERR1913082	7	8	1680.2079, 1872444.1202, 286142.25, 1262924.343, 1262976.205, 1262684.318, 40518.2820
ERR1913083	8	8	1680.2078, 286142.26, 1945593.1763, 40518.2821, 1262684.319, 1872444.1203, 1262924.341, 371601.806
ERR1913088	7	14	1929996.74, 218538.1142, 286133.213, 820.5421, 28117.3447, 905011.47, 1637511.687
ERR1913094	1	14	1262821.45
ERR1913095	4	16	1897003.1350, 33043.1639, 165179.2685, 159272.1048
ERR1913096	3	9	1263080.338, 1262914.856, 820.5423
ERR1913097	7	6	357276.1228, 1262914.855, 820.5422, 1263080.337, 1268240.127, 371601.809, 674529.261
ERR1913098	6	6	1263080.339, 1262914.857, 2053618.173, 820.5424, 371601.811, 1268240.128
ERR1913099	7	5	357276.1231, 820.5425, 1262914.858, 1263080.340, 2053618.174, 371601.812, 674529.263
ERR1913104	11	8	823.3646, 357276.1233, 1263043.67, 820.5427, 162156.401, 1897003.1352, 166486.973, 40518.2826, 1897004.310, 384639.31, 1897017.249
ERR1913105	9	10	820.5426, 823.3645, 162156.402, 1263043.66, 1896972.71, 357276.1232, 1897003.1351, 166486.974, 384639.30
